meet,date,age_category,lifter,body_weight_(kg),snatch_lift_1,snatch_lift_2,snatch_lift_3,c&j_lift_1,c&j_lift_2,c&j_lift_3,best_snatch,best_c&j,total
AO Series Online Qualifier - March,2020-03-31,Open Men's +109kg,Dimitri Albury,160,142,0,0,195,0,0,142,195,337
AO Series Online Qualifier - March,2020-03-31,Open Men's +109kg,Dimitri Albury,160,0,0,142,0,0,195,142,195,337
AO Series Online Qualifier - March,2021-03-31,Open Men's 96kg,Jacob LaCoste,95.9,142,0,0,182,0,0,142,182,324
AO Series Online Qualifier - March,2020-03-31,Men's Masters (35-39) +109kg,david ethier,116,0,0,138,0,0,175,138,175,313
AO Series Online Qualifier - March,2020-03-31,Open Men's +109kg,Blaine Burgess,144,130,0,0,155,0,0,130,155,285
AO Series Online Qualifier - March,2020-03-31,Open Men's +109kg,Blaine Burgess,144,0,0,130,0,0,155,130,155,285
AO Series Online Qualifier - March,2021-03-31,Open Men's +109kg,Elijah-Keoni Manaea,111,130,0,0,155,0,0,130,155,285
AO Series Online Qualifier - March,2020-03-31,Open Men's 81kg,James Ellis,80,0,0,125,0,0,150,125,150,275
AO Series Online Qualifier - March,2020-03-31,Men's Masters (35-39) +109kg,Drew Coffey,123,120,0,0,154,0,0,120,154,274
AO Series Online Qualifier - March,2020-03-31,Men's Masters (35-39) +109kg,Drew Coffey,123,120,0,0,154,0,0,120,154,274
AO Series Online Qualifier - March,2020-03-31,Open Men's 89kg,Jason Morgan,81,119,0,0,155,0,0,119,155,274
AO Series Online Qualifier - March,2020-03-31,Men's Masters (35-39) +109kg,Drew Coffey,123,0,0,120,0,0,154,120,154,274
AO Series Online Qualifier - March,2020-03-31,Men's Masters (35-39) +109kg,Drew Coffey,123,0,0,120,0,0,154,120,154,274
AO Series Online Qualifier - March,2020-03-31,Open Men's 81kg,Tyree Harris II,80,121,0,0,153,0,0,121,153,274
AO Series Online Qualifier - March,2020-03-31,Open Men's 81kg,Tyree Harris II,80,0,0,121,0,0,153,121,153,274
AO Series Online Qualifier - March,2020-03-31,Open Men's 89kg,Jason Morgan,81,0,0,119,0,0,155,119,155,274
AO Series Online Qualifier - March,2020-03-31,Open Men's 81kg,Jesse Vezina,73,0,0,120,0,0,150,120,150,270
AO Series Online Qualifier - March,2020-03-31,Men's Masters (35-39) 81kg,Jesse Vezina,73,120,0,0,145,0,0,120,145,265
AO Series Online Qualifier - March,2020-03-31,Men's Masters (35-39) 81kg,Jesse Vezina,73,0,0,120,0,0,145,120,145,265
AO Series Online Qualifier - March,2020-03-31,Men's Masters (35-39) 73kg,Jesse Vezina,72.99,120,0,0,145,0,0,120,145,265
AO Series Online Qualifier - March,2020-03-31,Men's Masters (35-39) 89kg,Geoffrey Steinbacher,84,116,0,0,142,0,0,116,142,258
AO Series Online Qualifier - March,2020-03-31,Men's Masters (35-39) 89kg,Geoffrey Steinbacher,84,0,0,116,0,0,142,116,142,258
AO Series Online Qualifier - March,2020-03-31,Open Men's 89kg,Thomas Sullivan,83,0,0,112,0,0,140,112,140,252
AO Series Online Qualifier - March,2020-03-31,Men's Masters (40-44) 81kg,Robert Santoro,79,113,0,0,134,0,0,113,134,247
AO Series Online Qualifier - March,2020-03-31,Men's Masters (40-44) 81kg,Robert Santoro,79,0,0,113,0,0,134,113,134,247
AO Series Online Qualifier - March,2020-03-31,Men's Masters (35-39) 109kg,Ryan Johnson,102,111,0,0,131,0,0,111,131,242
AO Series Online Qualifier - March,2020-03-31,Men's Masters (35-39) 109kg,Ryan Johnson,102,0,0,111,0,0,131,111,131,242
AO Series Online Qualifier - March,2021-03-31,Open Men's 81kg,Christian  Estabillo ,78,112,0,0,130,0,0,112,130,242
AO Series Online Qualifier - March,2021-03-31,Open Men's 73kg,Stewart Ragan,72.9,110,0,0,130,0,0,110,130,240
AO Series Online Qualifier - March,2020-03-31,Open Men's 96kg,Kyle King,94,105,0,0,132,0,0,105,132,237
AO Series Online Qualifier - March,2020-03-31,Open Men's 96kg,Kyle King,94,0,0,105,0,0,132,105,132,237
AO Series Online Qualifier - March,2021-03-31,Open Men's 109kg,Taylor Wicks,106,105,0,0,132,0,0,105,132,237
AO Series Online Qualifier - March,2021-03-31,Open Men's 81kg,Josue Hernandez,80.9,105,0,0,130,0,0,105,130,235
AO Series Online Qualifier - March,2021-03-31,Men's Masters (35-39) 102kg,Avery Hawkins,97,103,0,0,130,0,0,103,130,233
AO Series Online Qualifier - March,2021-03-31,Men's Masters (35-39) 102kg,Avery Hawkins,97,103,0,0,130,0,0,103,130,233
AO Series Online Qualifier - March,2020-03-31,Men's Masters (35-39) 67kg,Darin Vossen,66,108,0,0,124,0,0,108,124,232
AO Series Online Qualifier - March,2020-03-31,Open Men's 89kg,JanJay Mendoza,82,105,0,0,127,0,0,105,127,232
AO Series Online Qualifier - March,2020-03-31,Open Men's 89kg,JanJay Mendoza,82,0,0,105,0,0,127,105,127,232
AO Series Online Qualifier - March,2020-03-31,Men's Masters (35-39) 67kg,Darin Vossen,66,0,0,108,0,0,124,108,124,232
AO Series Online Qualifier - March,2021-03-31,Junior Men's 109kg,Tate Van Etta,107,102,0,0,129,0,0,102,129,231
AO Series Online Qualifier - March,2021-03-31,Men's Masters (35-39) 96kg,Herrick Chang,93,100,0,0,130,0,0,100,130,230
AO Series Online Qualifier - March,2020-03-31,Open Men's 89kg,George Beaudoin,81,0,0,100,0,0,130,100,130,230
AO Series Online Qualifier - March,2020-03-31,Open Men's 102kg,David Choi,99,100,0,0,129,0,0,100,129,229
AO Series Online Qualifier - March,2020-03-31,Open Men's 102kg,David Choi,99,0,0,100,0,0,129,100,129,229
AO Series Online Qualifier - March,2021-03-31,Junior Men's 89kg,Ralph Christian Pulido,88,102,0,0,125,0,0,102,125,227
AO Series Online Qualifier - March,2020-03-31,Open Men's 109kg,Matthew Lee Franklin,102,0,0,96,0,0,130,96,130,226
AO Series Online Qualifier - March,2020-03-31,Men's Masters (40-44) 89kg,Greg Curoso,85,105,0,0,120,0,0,105,120,225
AO Series Online Qualifier - March,2020-03-31,Men's Masters (40-44) 89kg,Greg Curoso,85,0,0,105,0,0,120,105,120,225
AO Series Online Qualifier - March,2021-03-31,Men's Masters (40-44) 109kg,Christopher Kim,103,100,0,0,125,0,0,100,125,225
AO Series Online Qualifier - March,2020-03-31,Open Men's 89kg,Felipe Lopes,81,92,0,0,125,0,0,92,125,217
AO Series Online Qualifier - March,2020-03-31,Open Men's 89kg,Felipe Lopes,81,0,0,92,0,0,125,92,125,217
AO Series Online Qualifier - March,2020-03-31,Men's Masters (35-39) 81kg,Jonathan Halbreich,80,95,0,0,121,0,0,95,121,216
AO Series Online Qualifier - March,2020-03-31,Men's Masters (35-39) 81kg,Jonathan Halbreich,80,0,0,95,0,0,121,95,121,216
AO Series Online Qualifier - March,2020-03-31,Men's Masters (35-39) 96kg,Paul Sumner,96,100,0,0,115,0,0,100,115,215
AO Series Online Qualifier - March,2020-03-31,Men's Masters (35-39) 96kg,Paul Sumner,96,0,0,100,0,0,115,100,115,215
AO Series Online Qualifier - March,2021-03-31,Open Men's 109kg,David Barnhouse,108.9,100,0,0,115,0,0,100,115,215
AO Series Online Qualifier - March,2020-03-31,Open Men's 89kg,Leo Peralta,88,96,0,0,118,0,0,96,118,214
AO Series Online Qualifier - March,2020-03-31,Open Men's 89kg,Leo Peralta,88,0,0,96,0,0,118,96,118,214
AO Series Online Qualifier - March,2020-03-31,Men's Masters (40-44) 67kg,Adam Tabalno,66,0,0,97,0,0,115,97,115,212
AO Series Online Qualifier - March,2020-03-31,Open Men's 89kg,Alec Pott,88,88,0,0,123,0,0,88,123,211
AO Series Online Qualifier - March,2020-03-31,Men's Masters (35-39) 96kg,Shane Ito,92,0,0,95,0,0,116,95,116,211
AO Series Online Qualifier - March,2021-03-31,Open Men's 81kg,Anthony Coreas,78,98,0,0,113,0,0,98,113,211
AO Series Online Qualifier - March,2021-03-31,Men's Masters (35-39) 89kg,Pele Kaio,88,97,0,0,114,0,0,97,114,211
AO Series Online Qualifier - March,2020-03-31,Open Men's 89kg,Alec Pott,88,0,0,88,0,0,123,88,123,211
AO Series Online Qualifier - March,2020-03-31,Men's Masters (35-39) 89kg,Jeremy Warner,88,93,0,0,115,0,0,93,115,208
AO Series Online Qualifier - March,2020-03-31,Men's Masters (35-39) 89kg,Jeremy Warner,88,0,0,93,0,0,115,93,115,208
AO Series Online Qualifier - March,2020-03-31,Open Men's 81kg,Moses Corbell,73,91,0,0,116,0,0,91,116,207
AO Series Online Qualifier - March,2020-03-31,Open Men's 81kg,Moses Corbell,73,0,0,91,0,0,116,91,116,207
AO Series Online Qualifier - March,2020-03-31,Men's Masters (35-39) 81kg,Robert Guzman,74,88,0,0,118,0,0,88,118,206
AO Series Online Qualifier - March,2020-03-31,Men's Masters (35-39) 81kg,Robert Guzman,74,0,0,88,0,0,118,88,118,206
AO Series Online Qualifier - March,2020-03-31,Men's Masters (35-39) 89kg,Celsius Magbitang,85,88,0,0,117,0,0,88,117,205
AO Series Online Qualifier - March,2020-03-31,Men's Masters (35-39) 89kg,Celsius Magbitang,85,0,0,88,0,0,117,88,117,205
AO Series Online Qualifier - March,2021-03-31,Men's 16-17 Age Group 89kg,Ethan Krueck,88,95,0,0,110,0,0,95,110,205
AO Series Online Qualifier - March,2021-03-31,Open Men's 89kg,Christopher Fenn,88.9,90,0,0,115,0,0,90,115,205
AO Series Online Qualifier - March,2020-03-31,Open Men's 89kg,George Beaudoin,81,0,0,95,0,0,110,95,110,205
AO Series Online Qualifier - March,2021-03-31,Open Men's 89kg,Brandon Foo,88,94,0,0,110,0,0,94,110,204
AO Series Online Qualifier - March,2021-03-31,Open Women's 81kg,Laura Alexander,80,89,0,0,115,0,0,89,115,204
AO Series Online Qualifier - March,2020-03-31,Men's 16-17 Age Group 89kg,Conner Popielarz,83,92,0,0,111,0,0,92,111,203
AO Series Online Qualifier - March,2020-03-31,Open Men's 67kg,Devin Fussell,66,88,0,0,115,0,0,88,115,203
AO Series Online Qualifier - March,2020-03-31,Open Men's 67kg,Devin Fussell,66,0,0,88,0,0,115,88,115,203
AO Series Online Qualifier - March,2020-03-31,Open Men's 81kg,RICHARD SCHAEFFER,76,93,0,0,110,0,0,93,110,203
AO Series Online Qualifier - March,2020-03-31,Open Men's 81kg,RICHARD SCHAEFFER,76,0,0,93,0,0,110,93,110,203
AO Series Online Qualifier - March,2020-03-31,Open Men's 96kg,Jon Dizon,89,0,0,92,0,0,111,92,111,203
AO Series Online Qualifier - March,2020-03-31,Open Men's 89kg,Robert Sierra,81,0,0,93,0,0,110,93,110,203
AO Series Online Qualifier - March,2020-03-31,Men's 16-17 Age Group 89kg,Conner Popielarz,83,0,0,92,0,0,111,92,111,203
AO Series Online Qualifier - March,2020-03-31,Open Women's 87kg,Maci Winn,87,0,0,90,0,0,110,90,110,200
AO Series Online Qualifier - March,2020-03-31,Men's 16-17 Age Group 89kg,Conner Popielarz,83,92,0,0,106,0,0,92,106,198
AO Series Online Qualifier - March,2020-03-31,Open Men's 67kg,Devin Fussell,66,83,0,0,115,0,0,83,115,198
AO Series Online Qualifier - March,2020-03-31,Open Men's 67kg,Devin Fussell,66,0,0,83,0,0,115,83,115,198
AO Series Online Qualifier - March,2020-03-31,Men's 16-17 Age Group 89kg,Conner Popielarz,83,0,0,92,0,0,106,92,106,198
AO Series Online Qualifier - March,2020-03-31,Open Men's 81kg,Jared Scott,78,0,0,85,0,0,112,85,112,197
AO Series Online Qualifier - March,2020-03-31,Open Women's 87kg,Maci Winn,87,0,0,87,0,0,110,87,110,197
AO Series Online Qualifier - March,2020-03-31,Open Women's 87kg,Maci Winn,87,87,0,0,110,0,0,87,110,197
AO Series Online Qualifier - March,2020-03-31,Men's 16-17 Age Group 102kg,Bryan Santos,102,88,0,0,106,0,0,88,106,194
AO Series Online Qualifier - March,2020-03-31,Open Women's 87kg,Maci Winn,87,0,0,87,0,0,107,87,107,194
AO Series Online Qualifier - March,2021-03-31,Open Women's 87kg,Katherine Ford,86.9,88,0,0,106,0,0,88,106,194
AO Series Online Qualifier - March,2021-03-31,Open Women's 71kg,Victoria Chmura,68,89,0,0,105,0,0,89,105,194
AO Series Online Qualifier - March,2021-03-31,Open Men's 73kg,Zachary Knippel,71,82,0,0,112,0,0,82,112,194
AO Series Online Qualifier - March,2020-03-31,Men's 16-17 Age Group 102kg,Bryan Santos,102,0,0,88,0,0,106,88,106,194
AO Series Online Qualifier - March,2020-03-31,Open Women's 87kg,Faith Cooke,81,0,0,84,0,0,109,84,109,193
AO Series Online Qualifier - March,2021-03-31,Open Men's 89kg,Jeffrey Stenhouse,88.9,89,0,0,104,0,0,89,104,193
AO Series Online Qualifier - March,2021-03-31,Men's Masters (40-44) 96kg,Jason Sweet,93,83,0,0,110,0,0,83,110,193
AO Series Online Qualifier - March,2020-03-31,Open Women's 87kg,Faith Cooke,81,84,0,0,109,0,0,84,109,193
AO Series Online Qualifier - March,2021-03-31,Men's 16-17 Age Group 73kg,Caleb Schliewe,72.9,82,0,0,105,0,0,82,105,187
AO Series Online Qualifier - March,2021-03-31,Men's Masters (40-44) 67kg,Eric Chang,66.9,81,0,0,105,0,0,81,105,186
AO Series Online Qualifier - March,2021-03-31,Men's Masters (35-39) 67kg,Linh Nguyen,66,80,0,0,106,0,0,80,106,186
AO Series Online Qualifier - March,2021-03-31,Men's Masters (45-49) 81kg,Michael Romero,77,80,0,0,105,0,0,80,105,185
AO Series Online Qualifier - March,2020-03-31,Men's Masters (40-44) 73kg,Eric Chang,67,84,0,0,100,0,0,84,100,184
AO Series Online Qualifier - March,2020-03-31,Men's Masters (40-44) 73kg,Eric Chang,67,0,0,84,0,0,100,84,100,184
AO Series Online Qualifier - March,2021-03-31,Open Men's 102kg,McCall Carlson,97,83,0,0,101,0,0,83,101,184
AO Series Online Qualifier - March,2020-03-31,Open Women's 71kg,Elizabeth Jackson,70,79,0,0,105,0,0,79,105,184
AO Series Online Qualifier - March,2021-03-31,Open Women's 64kg,Lily Salisbury,63.9,77,0,0,105,0,0,77,105,182
AO Series Online Qualifier - March,2021-03-31,Open Men's 67kg,Isauro Felix,66.9,82,0,0,100,0,0,82,100,182
AO Series Online Qualifier - March,2020-03-31,Open Women's 59kg,Charis Chan,55,0,0,81,0,0,100,81,100,181
AO Series Online Qualifier - March,2021-03-31,Open Women's 59kg,Caitlin Hogan,58.9,81,0,0,100,0,0,81,100,181
AO Series Online Qualifier - March,2020-03-31,Open Women's 59kg,Charis Chan,55,81,0,0,100,0,0,81,100,181
AO Series Online Qualifier - March,2021-03-31,Open Women's 64kg,Kristin Pope,63.9,85,0,0,95,0,0,85,95,180
AO Series Online Qualifier - March,2021-03-31,Men's Masters (45-49) 89kg,Donn Johnson,85,81,0,0,98,0,0,81,98,179
AO Series Online Qualifier - March,2020-03-31,Open Women's 81kg,Nathalia Bailey,77,0,0,79,0,0,99,79,99,178
AO Series Online Qualifier - March,2020-03-31,Open Women's 64kg,Jordan Tingman,63,0,0,81,0,0,97,81,97,178
AO Series Online Qualifier - March,2021-03-31,Open Men's 73kg,Ryan Okamoto,72.9,78,0,0,100,0,0,78,100,178
AO Series Online Qualifier - March,2020-03-31,Open Women's 71kg,Elizabeth Jackson,70,0,0,77,0,0,101,77,101,178
AO Series Online Qualifier - March,2020-03-31,Open Women's 64kg,Jordan Tingman,63,81,0,0,97,0,0,81,97,178
AO Series Online Qualifier - March,2020-03-31,Open Women's 81kg,Nathalia Bailey,77,79,0,0,99,0,0,79,99,178
AO Series Online Qualifier - March,2020-03-31,Open Women's 71kg,Nicola Benfield,64,78,0,0,99,0,0,78,99,177
AO Series Online Qualifier - March,2020-03-31,Open Women's 64kg,Nicola Benfield,63.99,0,0,78,0,0,99,78,99,177
AO Series Online Qualifier - March,2020-03-31,Open Women's 71kg,Nicola Benfield,64,0,0,78,0,0,99,78,99,177
AO Series Online Qualifier - March,2021-03-31,Open Women's 64kg,Courtney Isacsson,63.9,83,0,0,94,0,0,83,94,177
AO Series Online Qualifier - March,2021-03-31,Open Women's 64kg,Courtney Isacsson,63,83,0,0,94,0,0,83,94,177
AO Series Online Qualifier - March,2021-03-31,Open Men's 67kg,Blaine Bastatas,65,73,0,0,103,0,0,73,103,176
AO Series Online Qualifier - March,2021-03-31,Men's Masters (40-44) 73kg,Salvatore Mannarino,72.9,76,0,0,100,0,0,76,100,176
AO Series Online Qualifier - March,2020-03-31,Open Men's 73kg,Trung Nguyen,67,73,0,0,102,0,0,73,102,175
AO Series Online Qualifier - March,2020-03-31,Open Men's 73kg,Trung Nguyen,67,0,0,73,0,0,102,73,102,175
AO Series Online Qualifier - March,2021-03-31,Men's Masters (60-64) 102kg,Stephen Powell,98,77,0,0,97,0,0,77,97,174
AO Series Online Qualifier - March,2020-03-31,Open Women's 76kg,Reba Lewis,71,75,0,0,97,0,0,75,97,172
AO Series Online Qualifier - March,2020-03-31,Open Women's 71kg,Brittany Riesenberg,68,0,0,77,0,0,95,77,95,172
AO Series Online Qualifier - March,2020-03-31,Women's Masters (40-44) 71kg,Brittany Riesenberg,68,0,0,77,0,0,95,77,95,172
AO Series Online Qualifier - March,2020-03-31,Open Women's 76kg,Reba Lewis,71,0,0,75,0,0,97,75,97,172
AO Series Online Qualifier - March,2021-03-31,Women's 16-17 Age Group 64kg,Brianna Marquez,62,74,0,0,98,0,0,74,98,172
AO Series Online Qualifier - March,2020-03-31,Women's Masters (40-44) 71kg,Brittany Riesenberg,68,77,0,0,95,0,0,77,95,172
AO Series Online Qualifier - March,2020-03-31,Women's Masters (40-44) 71kg,Brittany Riesenberg,68,77,0,0,95,0,0,77,95,172
AO Series Online Qualifier - March,2021-03-31,Open Women's +87kg,Adria Pascal,95,80,0,0,91,0,0,80,91,171
AO Series Online Qualifier - March,2021-03-31,Men's Masters (40-44) 89kg,W Mason,88.9,73,0,0,98,0,0,73,98,171
AO Series Online Qualifier - March,2020-03-31,Open Women's 71kg,Kaylee Montero,64,0,0,77,0,0,92,77,92,169
AO Series Online Qualifier - March,2020-03-31,Women's 16-17 Age Group 64kg,Mallory Garza,59,0,0,77,0,0,92,77,92,169
AO Series Online Qualifier - March,2020-03-31,Open Women's 71kg,Kaylee Montero,64,77,0,0,92,0,0,77,92,169
AO Series Online Qualifier - March,2020-03-31,Women's 16-17 Age Group 64kg,Mallory Garza,59,77,0,0,92,0,0,77,92,169
AO Series Online Qualifier - March,2020-03-31,Men's Masters (35-39) 73kg,JOSEPH GAZMEN,67,77,0,0,91,0,0,77,91,168
AO Series Online Qualifier - March,2020-03-31,Men's Masters (35-39) 73kg,JOSEPH GAZMEN,67,0,0,77,0,0,91,77,91,168
AO Series Online Qualifier - March,2020-03-31,Men's Masters (35-39) 67kg,Evan LaBarre,65,0,0,75,0,0,93,75,93,168
AO Series Online Qualifier - March,2021-03-31,Open Women's 59kg,Rebecca Zernick,58,75,0,0,90,0,0,75,90,165
AO Series Online Qualifier - March,2020-03-31,Open Women's 59kg,Shannon McAmis,57,72,0,0,92,0,0,72,92,164
AO Series Online Qualifier - March,2020-03-31,Open Women's 59kg,Shannon McAmis,57,0,0,72,0,0,92,72,92,164
AO Series Online Qualifier - March,2020-03-31,Women's 14-15 Age Group +76kg,Malia Levy,113,0,0,71,0,0,90,71,90,161
AO Series Online Qualifier - March,2020-03-31,Women's 14-15 Age Group +76kg,Malia Levy,113,71,0,0,90,0,0,71,90,161
AO Series Online Qualifier - March,2020-03-31,Women's Masters (35-39) 87kg,Suzanne Shields,86,70,0,0,90,0,0,70,90,160
AO Series Online Qualifier - March,2020-03-31,Men's Masters (50-54) 89kg,John DarrenKamp Sr.,86,0,0,65,0,0,95,65,95,160
AO Series Online Qualifier - March,2020-03-31,Women's Masters (35-39) 87kg,Suzanne Shields,86,0,0,70,0,0,90,70,90,160
AO Series Online Qualifier - March,2020-03-31,Men's Masters (40-44) 81kg,W Mason,80,68,0,0,91,0,0,68,91,159
AO Series Online Qualifier - March,2021-03-31,Open Women's 55kg,Tiffani Lee,54,70,0,0,89,0,0,70,89,159
AO Series Online Qualifier - March,2020-03-31,Men's Masters (40-44) 81kg,W Mason,80,0,0,68,0,0,91,68,91,159
AO Series Online Qualifier - March,2021-03-31,Open Women's 81kg,Shannon Yun,79,69,0,0,90,0,0,69,90,159
AO Series Online Qualifier - March,2020-03-31,Open Women's 59kg,Catherine Reynolds,56,0,0,67,0,0,90,67,90,157
AO Series Online Qualifier - March,2020-03-31,Open Women's 59kg,Catherine Reynolds,56,67,0,0,90,0,0,67,90,157
AO Series Online Qualifier - March,2021-03-31,Open Women's 64kg,Madeline Kline,63,69,0,0,87,0,0,69,87,156
AO Series Online Qualifier - March,2020-03-31,Men's Masters (40-44) 89kg,Joaquin Sequeira,81,0,0,72,0,0,83,72,83,155
AO Series Online Qualifier - March,2020-03-31,Open Women's 71kg,Aleigh Moore,67,0,0,66,0,0,89,66,89,155
AO Series Online Qualifier - March,2020-03-31,Open Women's 71kg,Aleigh Moore,67,66,0,0,89,0,0,66,89,155
AO Series Online Qualifier - March,2020-03-31,Open Women's 71kg,Aleigh Moore,67,0,0,65,0,0,89,65,89,154
AO Series Online Qualifier - March,2020-03-31,Women's Masters (40-44) 64kg,Kat Bogers,59,0,0,69,0,0,84,69,84,153
AO Series Online Qualifier - March,2021-03-31,Women's 16-17 Age Group 64kg,Naomi Bain,63,68,0,0,85,0,0,68,85,153
AO Series Online Qualifier - March,2021-03-31,Men's Masters (45-49) 81kg,Dennis Marsh,80.9,65,0,0,88,0,0,65,88,153
AO Series Online Qualifier - March,2020-03-31,Women's Masters (40-44) 59kg,Kat Bogers,58.9,69,0,0,84,0,0,69,84,153
AO Series Online Qualifier - March,2020-03-31,Women's Masters (40-44) 64kg,Kat Bogers,59,69,0,0,84,0,0,69,84,153
AO Series Online Qualifier - March,2020-03-31,Women's Masters (35-39) 71kg,Casey Campbell,66,0,0,69,0,0,83,69,83,152
AO Series Online Qualifier - March,2020-03-31,Women's Masters (40-44) 59kg,Kat Bogers,58,0,0,69,0,0,83,69,83,152
AO Series Online Qualifier - March,2020-03-31,Women's Masters (35-39) 71kg,Casey Campbell,66,69,0,0,83,0,0,69,83,152
AO Series Online Qualifier - March,2020-03-31,Men's 16-17 Age Group 67kg,EJ Hein,66,0,0,65,0,0,84,65,84,149
AO Series Online Qualifier - March,2020-03-31,Open Women's 55kg,Tiffani Lee,49,65,0,0,83,0,0,65,83,148
AO Series Online Qualifier - March,2020-03-31,Open Women's 55kg,Tiffani Lee,49,0,0,65,0,0,83,65,83,148
AO Series Online Qualifier - March,2020-03-31,Women's Masters (45-49) 71kg,Jennifer Jasper,70,0,0,65,0,0,83,65,83,148
AO Series Online Qualifier - March,2021-03-31,Open Women's 76kg,Kristina Beck,75,67,0,0,81,0,0,67,81,148
AO Series Online Qualifier - March,2020-03-31,Women's Masters (45-49) 71kg,Jennifer Jasper,70,65,0,0,83,0,0,65,83,148
AO Series Online Qualifier - March,2020-03-31,Open Women's 64kg,Kiana York,63,0,0,68,0,0,79,68,79,147
AO Series Online Qualifier - March,2020-03-31,Open Women's 81kg,Payton Hopkins,77,70,0,0,75,0,0,70,75,145
AO Series Online Qualifier - March,2020-03-31,Open Women's 64kg,Sarah Stockman,61,67,0,0,78,0,0,67,78,145
AO Series Online Qualifier - March,2020-03-31,Open Women's 81kg,Payton Hopkins,77,0,0,70,0,0,75,70,75,145
AO Series Online Qualifier - March,2020-03-31,Open Women's 64kg,Sarah Stockman,61,0,0,67,0,0,78,67,78,145
AO Series Online Qualifier - March,2021-03-31,Open Women's 64kg,Jamie Hegg,63.9,60,0,0,85,0,0,60,85,145
AO Series Online Qualifier - March,2020-03-31,Men's 16-17 Age Group 67kg,EJ Hein,66,61,0,0,83,0,0,61,83,144
AO Series Online Qualifier - March,2020-03-31,Open Women's 64kg,Jessi Oehler,59,0,0,67,0,0,74,67,74,141
AO Series Online Qualifier - March,2021-03-31,Women's 16-17 Age Group 55kg,Jaycee Mann,53,63,0,0,78,0,0,63,78,141
AO Series Online Qualifier - March,2020-03-31,Open Women's 64kg,Jessi Oehler,59,67,0,0,74,0,0,67,74,141
AO Series Online Qualifier - March,2020-03-31,Open Women's 55kg,Adrianna Ruger,54,0,0,60,0,0,80,60,80,140
AO Series Online Qualifier - March,2020-03-31,Open Women's 55kg,Adrianna Ruger,54,60,0,0,80,0,0,60,80,140
AO Series Online Qualifier - March,2020-03-31,Open Women's 71kg,Hannah Tarr,66,0,0,63,0,0,75,63,75,138
AO Series Online Qualifier - March,2020-03-31,Open Women's 59kg,Catherine Bailey,55,0,0,57,0,0,80,57,80,137
AO Series Online Qualifier - March,2021-03-31,Women's Masters (50-54) 76kg,Terre Dyche,74,60,0,0,77,0,0,60,77,137
AO Series Online Qualifier - March,2020-03-31,Open Women's 71kg,Emily Stephens,70,0,0,58,0,0,78,58,78,136
AO Series Online Qualifier - March,2021-03-31,Open Women's 59kg,Hadley Mensing,58.9,59,0,0,77,0,0,59,77,136
AO Series Online Qualifier - March,2020-03-31,Women's Masters (35-39) 76kg,Molly Compton,71,0,0,59,0,0,76,59,76,135
AO Series Online Qualifier - March,2020-03-31,Women's 16-17 Age Group +81kg,Brianna Mamac,87,0,0,60,0,0,75,60,75,135
AO Series Online Qualifier - March,2021-03-31,Women's Masters (35-39) 76kg,Kristan Hawkins,75.9,55,0,0,80,0,0,55,80,135
AO Series Online Qualifier - March,2020-03-31,Women's 16-17 Age Group +81kg,Brianna Mamac,87,60,0,0,75,0,0,60,75,135
AO Series Online Qualifier - March,2020-03-31,Open Women's 81kg,Alejandra Giron,80,0,0,62,0,0,72,62,72,134
AO Series Online Qualifier - March,2021-03-31,Women's 14-15 Age Group 76kg,Emily Schliewe,76,58,0,0,76,0,0,58,76,134
AO Series Online Qualifier - March,2020-03-31,Open Women's 81kg,Alejandra Giron,80,62,0,0,72,0,0,62,72,134
AO Series Online Qualifier - March,2020-03-31,Open Women's 76kg,Emily Stephens,71,0,0,55,0,0,78,55,78,133
AO Series Online Qualifier - March,2020-03-31,Women's Masters (35-39) +87kg,Marjorie Gottier,131,0,0,62,0,0,71,62,71,133
AO Series Online Qualifier - March,2020-03-31,Women's Masters (35-39) +87kg,Marjorie Gottier,131,62,0,0,71,0,0,62,71,133
AO Series Online Qualifier - March,2020-03-31,Open Women's 64kg,Erin Winter,63.99,59,0,0,73,0,0,59,73,132
AO Series Online Qualifier - March,2020-03-31,Women's Masters (35-39) 71kg,Molly Compton,70,0,0,59,0,0,73,59,73,132
AO Series Online Qualifier - March,2020-03-31,Open Women's 71kg,Erin Winter,64,0,0,59,0,0,73,59,73,132
AO Series Online Qualifier - March,2021-03-31,Men's 16-17 Age Group 61kg,Ryan Sullivan,60.9,57,0,0,75,0,0,57,75,132
AO Series Online Qualifier - March,2020-03-31,Open Women's 71kg,Erin Winter,64,59,0,0,73,0,0,59,73,132
AO Series Online Qualifier - March,2020-03-31,Women's Masters (35-39) 71kg,Molly Compton,70,59,0,0,73,0,0,59,73,132
AO Series Online Qualifier - March,2021-03-31,Open Women's 64kg,Jessica Lu,63.9,58,0,0,73,0,0,58,73,131
AO Series Online Qualifier - March,2021-03-31,Open Women's 64kg,Jessica Rodriguez,63.9,58,0,0,73,0,0,58,73,131
AO Series Online Qualifier - March,2020-03-31,Open Women's 81kg,Patricia Zorrilla,76,61,0,0,69,0,0,61,69,130
AO Series Online Qualifier - March,2020-03-31,Women's Masters (40-44) 87kg,Marissa Sterrett,81,0,0,56,0,0,74,56,74,130
AO Series Online Qualifier - March,2020-03-31,Open Women's 81kg,Patricia Zorrilla,76,0,0,61,0,0,69,61,69,130
AO Series Online Qualifier - March,2021-03-31,Open Women's 71kg,Megan Blair,70.9,53,0,0,77,0,0,53,77,130
AO Series Online Qualifier - March,2021-03-31,Open Women's 71kg,Megan Libby,69,55,0,0,75,0,0,55,75,130
AO Series Online Qualifier - March,2020-03-31,Women's Masters (40-44) 87kg,Marissa Sterrett,81,56,0,0,74,0,0,56,74,130
AO Series Online Qualifier - March,2021-03-31,Open Women's 59kg,Sarah Hellwig,57,57,0,0,72,0,0,57,72,129
AO Series Online Qualifier - March,2020-03-31,Men's 16-17 Age Group 67kg,Landon Sidders,61,59,0,0,69,0,0,59,69,128
AO Series Online Qualifier - March,2020-03-31,Open Women's 71kg,Lachyna Locklear,64,0,0,63,0,0,65,63,65,128
AO Series Online Qualifier - March,2020-03-31,Men's 16-17 Age Group 67kg,Landon Sidders,61,0,0,59,0,0,69,59,69,128
AO Series Online Qualifier - March,2021-03-31,Women's 16-17 Age Group 64kg,Savannah Kappel,60,54,0,0,74,0,0,54,74,128
AO Series Online Qualifier - March,2020-03-31,Open Women's 71kg,Lachyna Locklear,64,63,0,0,65,0,0,63,65,128
AO Series Online Qualifier - March,2020-03-31,Open Women's 76kg,Valerie Del Grosso,74,54,0,0,72,0,0,54,72,126
AO Series Online Qualifier - March,2020-03-31,Women's Masters (35-39) 71kg,Trina Sumodobila,64,0,0,57,0,0,69,57,69,126
AO Series Online Qualifier - March,2020-03-31,Open Women's 76kg,Valerie Del Grosso,74,0,0,54,0,0,72,54,72,126
AO Series Online Qualifier - March,2021-03-31,Open Women's 76kg,Renee Douglass,75,55,0,0,71,0,0,55,71,126
AO Series Online Qualifier - March,2020-03-31,Open Women's 71kg,Taylor Sopher,64,56,0,0,69,0,0,56,69,125
AO Series Online Qualifier - March,2020-03-31,Open Men's 81kg,James Ellis,80,125,0,0,0,0,0,125,0,125
AO Series Online Qualifier - March,2020-03-31,Women's Masters (35-39) 71kg,Amy Gebben,69,0,0,57,0,0,68,57,68,125
AO Series Online Qualifier - March,2020-03-31,Open Women's 71kg,Taylor Sopher,64,0,0,56,0,0,69,56,69,125
AO Series Online Qualifier - March,2020-03-31,Women's Masters (35-39) 71kg,Amy Gebben,69,57,0,0,68,0,0,57,68,125
AO Series Online Qualifier - March,2021-03-31,Women's Masters (35-39) 59kg,Jessica Abner,57,58,0,0,65,0,0,58,65,123
AO Series Online Qualifier - March,2021-03-31,Open Women's 64kg,Marjorie Agno,61,55,0,0,68,0,0,55,68,123
AO Series Online Qualifier - March,2021-03-31,Women's 16-17 Age Group 71kg,Phildine Lebouc,69,51,0,0,70,0,0,51,70,121
AO Series Online Qualifier - March,2021-03-31,Men's 14-15 Age Group +89kg,Nate Goss,92,55,0,0,66,0,0,55,66,121
AO Series Online Qualifier - March,2020-03-31,Open Men's 81kg,Jesse Vezina,73,120,0,0,0,0,0,120,0,120
AO Series Online Qualifier - March,2020-03-31,Women's Masters (40-44) +87kg,melissa sabin,93,0,0,53,0,0,67,53,67,120
AO Series Online Qualifier - March,2021-03-31,Women's Masters (40-44) 76kg,Katie Durkin,75,55,0,0,65,0,0,55,65,120
AO Series Online Qualifier - March,2021-03-31,Women's Masters (40-44) 55kg,Karen Agena,54.9,51,0,0,69,0,0,51,69,120
AO Series Online Qualifier - March,2020-03-31,Women's Masters (40-44) +87kg,melissa sabin,93,53,0,0,67,0,0,53,67,120
AO Series Online Qualifier - March,2020-03-31,Women's Masters (35-39) 64kg,Joann Chace,63,0,0,52,0,0,67,52,67,119
AO Series Online Qualifier - March,2020-03-31,Women's Masters (35-39) 64kg,Joann Chace,63,52,0,0,67,0,0,52,67,119
AO Series Online Qualifier - March,2020-03-31,Women's Masters (45-49) 71kg,Michelle Ritter,65,0,0,51,0,0,65,51,65,116
AO Series Online Qualifier - March,2020-03-31,Women's 16-17 Age Group 59kg,Jordynne Faber,55,0,0,53,0,0,63,53,63,116
AO Series Online Qualifier - March,2020-03-31,Women's 16-17 Age Group 59kg,Jordynne Faber,55,53,0,0,63,0,0,53,63,116
AO Series Online Qualifier - March,2020-03-31,Women's Masters (45-49) 71kg,Michelle Ritter,65,51,0,0,65,0,0,51,65,116
AO Series Online Qualifier - March,2021-03-31,Open Women's 59kg,Rebecca Chulhan,58.9,50,0,0,65,0,0,50,65,115
AO Series Online Qualifier - March,2021-03-31,Men's 14-15 Age Group 61kg,Jackson White,58,48,0,0,67,0,0,48,67,115
AO Series Online Qualifier - March,2021-03-31,Women's Masters (40-44) 59kg,Kimberly Price,58,50,0,0,65,0,0,50,65,115
AO Series Online Qualifier - March,2021-03-31,Open Women's 59kg,Jordyn Kahananui,58.9,48,0,0,66,0,0,48,66,114
AO Series Online Qualifier - March,2021-03-31,Open Women's +87kg,Madeline Cochran,106,50,0,0,63,0,0,50,63,113
AO Series Online Qualifier - March,2021-03-31,Junior Women's 87kg,Alexis Brusio,83,43,0,0,70,0,0,43,70,113
AO Series Online Qualifier - March,2020-03-31,Women's Masters (45-49) 59kg,Richarda Gilbert,58,47,0,0,65,0,0,47,65,112
AO Series Online Qualifier - March,2020-03-31,Women's Masters (45-49) 59kg,Richarda Gilbert,58,0,0,47,0,0,65,47,65,112
AO Series Online Qualifier - March,2020-03-31,Women's 16-17 Age Group 71kg,Lauren Marsh,64,0,0,48,0,0,64,48,64,112
AO Series Online Qualifier - March,2020-03-31,Women's 16-17 Age Group 71kg,Lauren Marsh,64,48,0,0,64,0,0,48,64,112
AO Series Online Qualifier - March,2020-03-31,Open Men's 96kg,Jon Dizon,89,0,0,0,111,0,0,0,111,111
AO Series Online Qualifier - March,2020-03-31,Women's Masters (35-39) +87kg,Angelina Kays,96,0,0,48,0,0,63,48,63,111
AO Series Online Qualifier - March,2021-03-31,Women's Masters (40-44) 55kg,Aimee Burroughs,54,51,0,0,60,0,0,51,60,111
AO Series Online Qualifier - March,2021-03-31,Junior Women's 64kg,Maria Bailey,60,52,0,0,59,0,0,52,59,111
AO Series Online Qualifier - March,2020-03-31,Women's Masters (35-39) +87kg,Angelina Kays,96,48,0,0,63,0,0,48,63,111
AO Series Online Qualifier - March,2021-03-31,Open Women's 76kg,Amy Slagel,72,45,0,0,65,0,0,45,65,110
AO Series Online Qualifier - March,2021-03-31,Open Women's 71kg,Grace Dana,69,48,0,0,61,0,0,48,61,109
AO Series Online Qualifier - March,2020-03-31,Men's 14-15 Age Group 61kg,Asher Tharp,55,0,0,45,0,0,63,45,63,108
AO Series Online Qualifier - March,2020-03-31,Open Women's 59kg,Prisma Iniguez,57,45,0,0,60,0,0,45,60,105
AO Series Online Qualifier - March,2020-03-31,Open Women's 64kg,Prisma Iniguez,59,45,0,0,60,0,0,45,60,105
AO Series Online Qualifier - March,2020-03-31,Open Women's 59kg,Prisma Iniguez,58,45,0,0,60,0,0,45,60,105
AO Series Online Qualifier - March,2020-03-31,Women's Masters (35-39) 87kg,Anne-Kathrin Reuter,87,0,0,49,0,0,56,49,56,105
AO Series Online Qualifier - March,2020-03-31,Open Women's 64kg,Prisma Iniguez,59,0,0,45,0,0,60,45,60,105
AO Series Online Qualifier - March,2020-03-31,Open Women's 59kg,Prisma Iniguez,58,0,0,45,0,0,60,45,60,105
AO Series Online Qualifier - March,2020-03-31,Open Women's 59kg,Prisma Iniguez,57,0,0,45,0,0,60,45,60,105
AO Series Online Qualifier - March,2021-03-31,Women's 14-15 Age Group 55kg,Lilyana Seliger,54.9,47,0,0,58,0,0,47,58,105
AO Series Online Qualifier - March,2021-03-31,Women's 14-15 Age Group 59kg,Violet Leach,58.9,48,0,0,57,0,0,48,57,105
AO Series Online Qualifier - March,2021-03-31,Men's 14-15 Age Group 55kg,justin nantz,54,46,0,0,59,0,0,46,59,105
AO Series Online Qualifier - March,2020-03-31,Women's Masters (35-39) 87kg,Anne-Kathrin Reuter,87,49,0,0,56,0,0,49,56,105
AO Series Online Qualifier - March,2020-03-31,Men's Masters (70-74) 67kg,JEROME MILLER,65,43,0,0,55,0,0,43,55,98
AO Series Online Qualifier - March,2020-03-31,Open Women's 64kg,Ashley Cruz,59,0,0,46,0,0,52,46,52,98
AO Series Online Qualifier - March,2020-03-31,Men's Masters (70-74) 67kg,JEROME MILLER,65,0,0,43,0,0,55,43,55,98
AO Series Online Qualifier - March,2020-03-31,Open Women's 64kg,Ashley Cruz,59,46,0,0,52,0,0,46,52,98
AO Series Online Qualifier - March,2020-03-31,Men's Masters (40-44) 67kg,Adam Tabalno,66,97,0,0,0,0,0,97,0,97
AO Series Online Qualifier - March,2020-03-31,Women's 14-15 Age Group 76kg,Olivia Roth,75,40,0,0,56,0,0,40,56,96
AO Series Online Qualifier - March,2020-03-31,Open Men's 109kg,Matthew Lee Franklin,102,96,0,0,0,0,0,96,0,96
AO Series Online Qualifier - March,2020-03-31,Women's Masters (45-49) 45kg,Donna Lyn Au,37,0,0,43,0,0,53,43,53,96
AO Series Online Qualifier - March,2020-03-30,Women's Masters (45-49) 55kg,Donna Lyn Au,54,43,0,0,53,0,0,43,53,96
AO Series Online Qualifier - March,2020-03-31,Women's 14-15 Age Group 76kg,Olivia Roth,75,0,0,40,0,0,56,40,56,96
AO Series Online Qualifier - March,2020-03-31,Women's Masters (45-49) 45kg,Donna Lyn Au,37,43,0,0,53,0,0,43,53,96
AO Series Online Qualifier - March,2020-03-31,Open Men's 89kg,George Beaudoin,81,95,0,0,0,0,0,95,0,95
AO Series Online Qualifier - March,2020-03-31,Men's Masters (35-39) 96kg,Shane Ito,92,95,0,0,0,0,0,95,0,95
AO Series Online Qualifier - March,2021-03-31,Women's Masters (40-44) 64kg,Meredith Killian,61,45,0,0,50,0,0,45,50,95
AO Series Online Qualifier - March,2021-03-31,Open Women's 71kg,Emily Ross,66,38,0,0,56,0,0,38,56,94
AO Series Online Qualifier - March,2021-03-31,Women's 14-15 Age Group 55kg,Eva Young,54,44,0,0,50,0,0,44,50,94
AO Series Online Qualifier - March,2020-03-31,Open Men's 89kg,Robert Sierra,81,93,0,0,0,0,0,93,0,93
AO Series Online Qualifier - March,2020-03-31,Women's Masters (40-44) 87kg,Chevon Holmes,84,0,0,42,0,0,50,42,50,92
AO Series Online Qualifier - March,2021-03-31,Women's 14-15 Age Group 59kg,Eva Schmidt,58,41,0,0,49,0,0,41,49,90
AO Series Online Qualifier - March,2021-03-31,Women's 14-15 Age Group 59kg,Hedda Olsen,58,40,0,0,50,0,0,40,50,90
AO Series Online Qualifier - March,2020-03-31,Women's Masters (40-44) 71kg,Emily Haynes,66,0,0,35,0,0,51,35,51,86
AO Series Online Qualifier - March,2021-03-31,Women's Masters (40-44) 49kg,Lauren Takao,48,41,0,0,45,0,0,41,45,86
AO Series Online Qualifier - March,2020-03-31,Women's Masters (40-44) 71kg,Emily Haynes,66,35,0,0,51,0,0,35,51,86
AO Series Online Qualifier - March,2020-03-31,Open Men's 81kg,Jared Scott,78,85,0,0,0,0,0,85,0,85
AO Series Online Qualifier - March,2020-03-31,Women's Masters (45-49) 59kg,Ingrid Hamel,55,0,0,36,0,0,47,36,47,83
AO Series Online Qualifier - March,2020-03-31,Women's Masters (45-49) 59kg,Ingrid Hamel,55,36,0,0,47,0,0,36,47,83
AO Series Online Qualifier - March,2020-03-31,Women's Masters (40-44) 59kg,Kat Bogers,58,0,0,0,83,0,0,0,83,83
AO Series Online Qualifier - March,2020-03-31,Women's Masters (35-39) 55kg,Lauren Takao,50,37,0,0,45,0,0,37,45,82
AO Series Online Qualifier - March,2020-03-31,Women's Masters (35-39) 55kg,Lauren Takao,50,0,0,37,0,0,45,37,45,82
AO Series Online Qualifier - March,2020-03-31,Women's Masters (40-44) 59kg,Sanja Rogers,55,35,0,0,45,0,0,35,45,80
AO Series Online Qualifier - March,2020-03-31,Women's Masters (40-44) 59kg,Sanja Rogers,55,0,0,35,0,0,45,35,45,80
AO Series Online Qualifier - March,2021-03-31,Women's 16-17 Age Group 55kg,Haley Ringer,50,33,0,0,46,0,0,33,46,79
AO Series Online Qualifier - March,2020-03-31,Open Women's 64kg,Kiana York,63,0,0,0,79,0,0,0,79,79
AO Series Online Qualifier - March,2020-03-31,Women's 14-15 Age Group 64kg,Molly Amick,63,0,0,34,0,0,43,34,43,77
AO Series Online Qualifier - March,2020-03-31,Women's 14-15 Age Group 55kg,Kiele Swistak,49,0,0,34,0,0,42,34,42,76
AO Series Online Qualifier - March,2020-03-31,Men's Masters (35-39) 67kg,Evan LaBarre,65,75,0,0,0,0,0,75,0,75
AO Series Online Qualifier - March,2021-03-31,Open Women's 59kg,Nicole Dench,57,33,0,0,42,0,0,33,42,75
AO Series Online Qualifier - March,2020-03-31,Women's Masters (60-64) 55kg,Elaine Audy,49,0,0,32,0,0,42,32,42,74
AO Series Online Qualifier - March,2020-03-31,Men's Masters (40-44) 89kg,Joaquin Sequeira,81,72,0,0,0,0,0,72,0,72
AO Series Online Qualifier - March,2020-03-31,Men's 14-15 Age Group 39kg,Tristan Moeller,37,31,0,0,40,0,0,31,40,71
AO Series Online Qualifier - March,2020-03-31,Men's 14-15 Age Group 39kg,Tristan Moeller,37,0,0,31,0,0,40,31,40,71
AO Series Online Qualifier - March,2020-03-31,Women's 13 Under Age Group 36kg,Brynn Catalano,34,0,0,29,0,0,40,29,40,69
AO Series Online Qualifier - March,2020-03-31,Women's Masters (60-64) 55kg,Valerie Matsunaga,49,28,0,0,39,0,0,28,39,67
AO Series Online Qualifier - March,2020-03-31,Women's Masters (60-64) 55kg,Valerie Matsunaga,49,0,0,28,0,0,39,28,39,67
AO Series Online Qualifier - March,2021-03-31,Men's 13 Under Age Group 36kg,Jack Mann,33,32,0,0,35,0,0,32,35,67
AO Series Online Qualifier - March,2020-03-31,Men's 13 Under Age Group 49kg,Mason Swistak,45,30,0,0,36,0,0,30,36,66
AO Series Online Qualifier - March,2020-03-31,Men's 13 Under Age Group 49kg,Mason Swistak,45,0,0,30,0,0,36,30,36,66
AO Series Online Qualifier - March,2020-03-31,Men's Masters (50-54) 89kg,John DarrenKamp Sr.,86,65,0,0,0,0,0,65,0,65
AO Series Online Qualifier - March,2020-03-31,Women's 13 Under Age Group 55kg,Mia Gratton,54,0,0,29,0,0,36,29,36,65
AO Series Online Qualifier - March,2020-03-31,Women's 13 Under Age Group 55kg,Mia Gratton,54,29,0,0,36,0,0,29,36,65
AO Series Online Qualifier - March,2020-03-31,Men's 14-15 Age Group 55kg,Max Legg,50,27,0,0,34,0,0,27,34,61
AO Series Online Qualifier - March,2020-03-31,Men's 14-15 Age Group 55kg,Max Legg,50,0,0,27,0,0,34,27,34,61
AO Series Online Qualifier - March,2021-03-31,Women's 13 Under Age Group 40kg,Gia Griffith,39,29,0,0,32,0,0,29,32,61
AO Series Online Qualifier - March,2021-03-31,Women's 13 Under Age Group 36kg,Kyla Chardon,35,27,0,0,34,0,0,27,34,61
AO Series Online Qualifier - March,2020-03-31,Women's Masters (35-39) 76kg,Molly Compton,71,59,0,0,0,0,0,59,0,59
AO Series Online Qualifier - March,2021-03-31,Women's Masters (60-64) 64kg,Nancy Becker,63,27,0,0,31,0,0,27,31,58
AO Series Online Qualifier - March,2020-03-31,Women's Masters (35-39) 71kg,Trina Sumodobila,64,57,0,0,0,0,0,57,0,57
AO Series Online Qualifier - March,2020-03-31,Women's 13 Under Age Group 49kg,Bella Petras,46,0,0,25,0,0,32,25,32,57
AO Series Online Qualifier - March,2021-03-31,Women's 13 Under Age Group 55kg,Brylee Colwell,53,25,0,0,32,0,0,25,32,57
AO Series Online Qualifier - March,2020-03-31,Women's 13 Under Age Group 49kg,Bella Petras,46,25,0,0,32,0,0,25,32,57
AO Series Online Qualifier - March,2020-03-31,Women's 13 Under Age Group 45kg,Abigail Wunderlich,43,0,0,25,0,0,31,25,31,56
AO Series Online Qualifier - March,2020-03-31,Men's 13 Under Age Group 36kg,Joseph Curoso,33,0,0,24,0,0,32,24,32,56
AO Series Online Qualifier - March,2020-03-31,Women's 13 Under Age Group 45kg,Abigail Wunderlich,43,25,0,0,31,0,0,25,31,56
AO Series Online Qualifier - March,2020-03-31,Men's 13 Under Age Group 36kg,Joseph Curoso,33,24,0,0,32,0,0,24,32,56
AO Series Online Qualifier - March,2020-03-31,Men's 13 Under Age Group 32kg,Westley Benson,31,25,0,0,30,0,0,25,30,55
AO Series Online Qualifier - March,2020-03-31,Men's 13 Under Age Group 32kg,Westley Benson,31,0,0,25,0,0,30,25,30,55
AO Series Online Qualifier - March,2020-03-31,Men's 13 Under Age Group 32kg,Westley Benson,31,0,0,25,0,0,30,25,30,55
AO Series Online Qualifier - March,2020-03-31,Men's 13 Under Age Group 44kg,Nathan Combs,42,24,0,0,28,0,0,24,28,52
AO Series Online Qualifier - March,2020-03-31,Men's 13 Under Age Group 44kg,Nathan Combs,42,0,0,24,0,0,28,24,28,52
AO Series Online Qualifier - March,2020-03-31,Men's 13 Under Age Group 44kg,Jayden Mongeon,43,21,0,0,30,0,0,21,30,51
AO Series Online Qualifier - March,2020-03-31,Women's 13 Under Age Group 30kg,Aurora van Ulft,24,0,0,21,0,0,30,21,30,51
AO Series Online Qualifier - March,2020-03-31,Men's 13 Under Age Group 44kg,Jayden Mongeon,43,0,0,21,0,0,30,21,30,51
AO Series Online Qualifier - March,2021-03-31,Men's 13 Under Age Group 32kg,Dayton Billing,30,20,0,0,27,0,0,20,27,47
AO Series Online Qualifier - March,2020-03-31,Men's 13 Under Age Group 32kg,John Benson,30,21,0,0,25,0,0,21,25,46
AO Series Online Qualifier - March,2020-03-31,Men's 13 Under Age Group 32kg,John Benson,30,0,0,21,0,0,25,21,25,46
AO Series Online Qualifier - March,2020-03-31,Men's 14-15 Age Group 61kg,Asher Tharp,55,45,0,0,0,0,0,45,0,45
AO Series Online Qualifier - March,2020-03-31,Women's 13 Under Age Group 40kg,Madisen Kessel,36,0,0,20,0,0,24,20,24,44
AO Series Online Qualifier - March,2021-03-31,Men's 13 Under Age Group 32kg,Dandre Adams,31,20,0,0,24,0,0,20,24,44
AO Series Online Qualifier - March,2020-03-31,Women's 13 Under Age Group 40kg,Madisen Kessel,36,20,0,0,24,0,0,20,24,44
AO Series Online Qualifier - March,2020-03-31,Women's Masters (40-44) 87kg,Chevon Holmes,84,42,0,0,0,0,0,42,0,42
AO Series Online Qualifier - March,2021-03-31,Women's 13 Under Age Group 33kg,Giselle Schmidt,31,17,0,0,24,0,0,17,24,41
AO Series Online Qualifier - March,2020-03-31,Men's 13 Under Age Group 44kg,Stephen Combs,39,15,0,0,24,0,0,15,24,39
AO Series Online Qualifier - March,2020-03-31,Men's 13 Under Age Group 44kg,Stephen Combs,39,0,0,15,0,0,24,15,24,39
AO Series Online Qualifier - March,2020-03-31,Women's 14-15 Age Group 64kg,Molly Amick,63,34,0,0,0,0,0,34,0,34
AO Series Online Qualifier - March,2020-03-31,Women's Masters (60-64) 55kg,Elaine Audy,49,32,0,0,0,0,0,32,0,32
AO Series Online Qualifier - March,2020-03-31,Women's 13 Under Age Group 30kg,Maria-Alicia Cortez,26,0,0,13,0,0,17,13,17,30
AO Series Online Qualifier - March,2020-03-31,Women's 13 Under Age Group 30kg,Dale Compton,28,0,0,13,0,0,17,13,17,30
AO Series Online Qualifier - March,2021-03-31,Women's 13 Under Age Group 33kg,Braelynn Bovy,31,13,0,0,17,0,0,13,17,30
AO Series Online Qualifier - March,2020-03-31,Women's 13 Under Age Group 30kg,Dale Compton,28,13,0,0,17,0,0,13,17,30
AO Series Online Qualifier - March,2020-03-31,Women's 13 Under Age Group 30kg,Maria-Alicia Cortez,26,13,0,0,17,0,0,13,17,30
AO Series Online Qualifier - March,2020-03-31,Women's 13 Under Age Group 36kg,Brynn Catalano,34,29,0,0,0,0,0,29,0,29
AO Series Online Qualifier - March,2020-03-31,Women's 13 Under Age Group 30kg,Norah Burke,23,14,0,0,14,0,0,14,14,28
AO Series Online Qualifier - March,2020-03-31,Women's 13 Under Age Group 30kg,Norah Burke,23,0,0,14,0,0,14,14,14,28
AO Series Online Qualifier - March,2020-03-31,Women's 13 Under Age Group 30kg,Aurora van Ulft,24,21,0,0,0,0,0,21,0,21
AO Series Online Qualifier - March,2020-03-31,Open Women's 71kg,Emily Stephens,70,0,0,0,0,0,0,0,0,0
AO Series Online Qualifier - March,2020-03-31,Men's Masters (35-39) +109kg,david ethier,116,0,0,0,0,0,0,0,0,0
AO Series Online Qualifier - March,2020-03-31,Open Men's 89kg,George Beaudoin,81,0,0,0,0,0,0,0,0,0
AO Series Online Qualifier - March,2020-03-31,Open Men's 89kg,Thomas Sullivan,83,0,0,0,0,0,0,0,0,0
AO Series Online Qualifier - March,2020-03-31,Open Women's 71kg,Aleigh Moore,67,0,0,0,0,0,0,0,0,0
AO Series Online Qualifier - March,2020-03-31,Open Women's 71kg,Hannah Tarr,66,0,0,0,0,0,0,0,0,0
AO Series Online Qualifier - March,2020-03-31,Women's 14-15 Age Group 55kg,Kiele Swistak,49,0,0,0,0,0,0,0,0,0
